--------------------------------------------------------------------------------
DSB-LOAN                        ACME MORTAGE CO.               10:24  12/10/2013
                           LOAN AMORTIZATION SCHEDULE

 PRIN:        10.00
 INT :       10.000
 TERM:          100

 PMT YEAR MO    BEG BAL         PMT         INT PAID    PRIN APPL    END BAL
 --- ---- --  -----------    ---------      --------    ---------  -----------
   1 1000 10        10.00         0.15          0.08         0.07         9.93
   2 1000 11         9.93         0.15          0.08         0.07         9.86
   3 1000 12         9.86         0.15          0.08         0.07         9.79
                             ---------      --------    ---------
                YR TOTAL          0.45         0.24         0.21

   4 1001 01         9.79         0.15          0.08         0.07         9.72
   5 1001 02         9.72         0.15          0.08         0.07         9.65
   6 1001 03         9.65         0.15          0.08         0.07         9.58
   7 1001 04         9.58         0.15          0.08         0.07         9.51
   8 1001 05         9.51         0.15          0.08         0.07         9.44
   9 1001 06         9.44         0.15          0.08         0.07         9.37
  10 1001 07         9.37         0.15          0.08         0.07         9.30
  11 1001 08         9.30         0.15          0.08         0.07         9.23
  12 1001 09         9.23         0.15          0.08         0.07         9.16
  13 1001 10         9.16         0.15          0.08         0.07         9.09
  14 1001 11         9.09         0.15          0.08         0.07         9.02
  15 1001 12         9.02         0.15          0.08         0.07         8.95
                             ---------      --------    ---------
                YR TOTAL          1.80         0.96         0.84

  16 1002 01         8.95         0.15          0.07         0.08         8.87
  17 1002 02         8.87         0.15          0.07         0.08         8.79
  18 1002 03         8.79         0.15          0.07         0.08         8.71
  19 1002 04         8.71         0.15          0.07         0.08         8.63
  20 1002 05         8.63         0.15          0.07         0.08         8.55
  21 1002 06         8.55         0.15          0.07         0.08         8.47
  22 1002 07         8.47         0.15          0.07         0.08         8.39
  23 1002 08         8.39         0.15          0.07         0.08         8.31
  24 1002 09         8.31         0.15          0.07         0.08         8.23
  25 1002 10         8.23         0.15          0.07         0.08         8.15
  26 1002 11         8.15         0.15          0.07         0.08         8.07
  27 1002 12         8.07         0.15          0.07         0.08         7.99
                             ---------      --------    ---------
                YR TOTAL          1.80         0.84         0.96

  28 1003 01         7.99         0.15          0.07         0.08         7.91
  29 1003 02         7.91         0.15          0.07         0.08         7.83
  30 1003 03         7.83         0.15          0.07         0.08         7.75
  31 1003 04         7.75         0.15          0.06         0.09         7.66
  32 1003 05         7.66         0.15          0.06         0.09         7.57
  33 1003 06         7.57         0.15          0.06         0.09         7.48
  34 1003 07         7.48         0.15          0.06         0.09         7.39
  35 1003 08         7.39         0.15          0.06         0.09         7.30
  36 1003 09         7.30         0.15          0.06         0.09         7.21
  37 1003 10         7.21         0.15          0.06         0.09         7.12
  38 1003 11         7.12         0.15          0.06         0.09         7.03
  39 1003 12         7.03         0.15          0.06         0.09         6.94
                             ---------      --------    ---------
                YR TOTAL          1.80         0.75         1.05

  40 1004 01         6.94         0.15          0.06         0.09         6.85
  41 1004 02         6.85         0.15          0.06         0.09         6.76
  42 1004 03         6.76         0.15          0.06         0.09         6.67
  43 1004 04         6.67         0.15          0.06         0.09         6.58
  44 1004 05         6.58         0.15          0.05         0.10         6.48
  45 1004 06         6.48         0.15          0.05         0.10         6.38
  46 1004 07         6.38         0.15          0.05         0.10         6.28
  47 1004 08         6.28         0.15          0.05         0.10         6.18
  48 1004 09         6.18         0.15          0.05         0.10         6.08
  49 1004 10         6.08         0.15          0.05         0.10         5.98
  50 1004 11         5.98         0.15          0.05         0.10         5.88
  51 1004 12         5.88         0.15          0.05         0.10         5.78
                             ---------      --------    ---------
                YR TOTAL          1.80         0.64         1.16

  52 1005 01         5.78         0.15          0.05         0.10         5.68
  53 1005 02         5.68         0.15          0.05         0.10         5.58
  54 1005 03         5.58         0.15          0.05         0.10         5.48
  55 1005 04         5.48         0.15          0.05         0.10         5.38
  56 1005 05         5.38         0.15          0.04         0.11         5.27
  57 1005 06         5.27         0.15          0.04         0.11         5.16
  58 1005 07         5.16         0.15          0.04         0.11         5.05
  59 1005 08         5.05         0.15          0.04         0.11         4.94
  60 1005 09         4.94         0.15          0.04         0.11         4.83
  61 1005 10         4.83         0.15          0.04         0.11         4.72
  62 1005 11         4.72         0.15          0.04         0.11         4.61
  63 1005 12         4.61         0.15          0.04         0.11         4.50
                             ---------      --------    ---------
                YR TOTAL          1.80         0.52         1.28

  64 1006 01         4.50         0.15          0.04         0.11         4.39
  65 1006 02         4.39         0.15          0.04         0.11         4.28
  66 1006 03         4.28         0.15          0.04         0.11         4.17
  67 1006 04         4.17         0.15          0.03         0.12         4.05
  68 1006 05         4.05         0.15          0.03         0.12         3.93
  69 1006 06         3.93         0.15          0.03         0.12         3.81
  70 1006 07         3.81         0.15          0.03         0.12         3.69
  71 1006 08         3.69         0.15          0.03         0.12         3.57
  72 1006 09         3.57         0.15          0.03         0.12         3.45
  73 1006 10         3.45         0.15          0.03         0.12         3.33
  74 1006 11         3.33         0.15          0.03         0.12         3.21
  75 1006 12         3.21         0.15          0.03         0.12         3.09
                             ---------      --------    ---------
                YR TOTAL          1.80         0.39         1.41

  76 1007 01         3.09         0.15          0.03         0.12         2.97
  77 1007 02         2.97         0.15          0.02         0.13         2.84
  78 1007 03         2.84         0.15          0.02         0.13         2.71
  79 1007 04         2.71         0.15          0.02         0.13         2.58
  80 1007 05         2.58         0.15          0.02         0.13         2.45
  81 1007 06         2.45         0.15          0.02         0.13         2.32
  82 1007 07         2.32         0.15          0.02         0.13         2.19
  83 1007 08         2.19         0.15          0.02         0.13         2.06
  84 1007 09         2.06         0.15          0.02         0.13         1.93
  85 1007 10         1.93         0.15          0.02         0.13         1.80
  86 1007 11         1.80         0.15          0.01         0.14         1.66
  87 1007 12         1.66         0.15          0.01         0.14         1.52
                             ---------      --------    ---------
                YR TOTAL          1.80         0.23         1.57

  88 1008 01         1.52         0.15          0.01         0.14         1.38
  89 1008 02         1.38         0.15          0.01         0.14         1.24
  90 1008 03         1.24         0.15          0.01         0.14         1.10
  91 1008 04         1.10         0.15          0.01         0.14         0.96
  92 1008 05         0.96         0.15          0.01         0.14         0.82
  93 1008 06         0.82         0.15          0.01         0.14         0.68
  94 1008 07         0.68         0.15          0.01         0.14         0.54
  95 1008 08         0.54         0.15          0.00         0.15         0.39
  96 1008 09         0.39         0.15          0.00         0.15         0.24
  97 1008 10         0.24         0.15          0.00         0.15         0.09
  98 1008 11         0.09         0.09          0.00         0.09         0.00
                             ---------      --------    ---------
                YR TOTAL          1.59         0.07         1.52

                GR TOTAL         13.05         4.57         8.48
--------------------------------------------------------------------------------
